0.000000E+00 0.000000E+00 -1.570000E+00
-2.374612E-02 3.383404E-02 -1.558899E+00
-4.749236E-02 6.766777E-02 -1.547682E+00
-7.123832E-02 1.015021E-01 -1.536209E+00
-9.498436E-02 1.353358E-01 -1.524346E+00
-1.187304E-01 1.691694E-01 -1.511968E+00
-1.424764E-01 2.030031E-01 -1.498949E+00
-1.662225E-01 2.368368E-01 -1.485166E+00
-1.899686E-01 2.706708E-01 -1.470503E+00
-2.137147E-01 3.045048E-01 -1.454844E+00
-2.374608E-01 3.383388E-01 -1.438080E+00
-2.612070E-01 3.721728E-01 -1.420108E+00
-2.849532E-01 4.060066E-01 -1.400832E+00
-3.086994E-01 4.398405E-01 -1.380163E+00
-3.324456E-01 4.736744E-01 -1.358020E+00
-3.561918E-01 5.075083E-01 -1.334334E+00
-3.799380E-01 5.413421E-01 -1.309042E+00
-4.036840E-01 5.751761E-01 -1.282098E+00
-4.274300E-01 6.090101E-01 -1.253464E+00
-4.511759E-01 6.428441E-01 -1.223116E+00
-4.749219E-01 6.766781E-01 -1.191045E+00
-4.986679E-01 7.105121E-01 -1.157255E+00
-5.224139E-01 7.443460E-01 -1.121765E+00
-5.461600E-01 7.781799E-01 -1.084611E+00
-5.699061E-01 8.120137E-01 -1.045841E+00
-5.936522E-01 8.458475E-01 -1.005520E+00
-6.173982E-01 8.796814E-01 -9.637296E-01
-6.411443E-01 9.135152E-01 -9.205629E-01
-6.648904E-01 9.473491E-01 -8.761288E-01
-6.886366E-01 9.811829E-01 -8.305488E-01
-7.123828E-01 1.015017E+00 -7.839565E-01
-7.361293E-01 1.048851E+00 -7.364961E-01
-7.598777E-01 1.082687E+00 -6.883214E-01
-7.836500E-01 1.116552E+00 -6.395940E-01
-8.077081E-01 1.150747E+00 -5.904811E-01
-8.351732E-01 1.188886E+00 -5.411511E-01
-8.730043E-01 1.189596E+00 -5.037628E-01
-9.185500E-01 1.186113E+00 -5.547800E-01
-9.621189E-01 1.187144E+00 -6.055950E-01
-1.005522E+00 1.188555E+00 -6.560120E-01
-1.048911E+00 1.189997E+00 -7.058541E-01
-1.092299E+00 1.191442E+00 -7.549531E-01
-1.135687E+00 1.192887E+00 -8.031484E-01
-1.179075E+00 1.194333E+00 -8.502889E-01
-1.222463E+00 1.195778E+00 -8.962341E-01
-1.265851E+00 1.197224E+00 -9.408558E-01
-1.309239E+00 1.198669E+00 -9.840383E-01
-1.352627E+00 1.200114E+00 -1.025680E+00
-1.396015E+00 1.201559E+00 -1.065693E+00
-1.439403E+00 1.203004E+00 -1.104005E+00
-1.482791E+00 1.204450E+00 -1.140558E+00
-1.526178E+00 1.205895E+00 -1.175307E+00
-1.569566E+00 1.207340E+00 -1.208224E+00
-1.612954E+00 1.208786E+00 -1.239293E+00
-1.656342E+00 1.210231E+00 -1.268512E+00
-1.699730E+00 1.211677E+00 -1.295890E+00
-1.743118E+00 1.213122E+00 -1.321448E+00
-1.786506E+00 1.214568E+00 -1.345217E+00
-1.829894E+00 1.216013E+00 -1.367237E+00
-1.873281E+00 1.217458E+00 -1.387555E+00
-1.916669E+00 1.218903E+00 -1.406226E+00
-1.960057E+00 1.220349E+00 -1.423308E+00
-2.003445E+00 1.221794E+00 -1.438864E+00
-2.046833E+00 1.223239E+00 -1.452959E+00
-2.090221E+00 1.224685E+00 -1.465660E+00
-2.133609E+00 1.226130E+00 -1.477033E+00
-2.176997E+00 1.227575E+00 -1.487143E+00
-2.220384E+00 1.229021E+00 -1.496052E+00
-2.263772E+00 1.230466E+00 -1.503821E+00
-2.307160E+00 1.231911E+00 -1.510505E+00
-2.350548E+00 1.233356E+00 -1.516153E+00
-2.393934E+00 1.234802E+00 -1.520812E+00
-2.437296E+00 1.236246E+00 -1.524519E+00
-2.480378E+00 1.237681E+00 -1.527307E+00
-2.520125E+00 1.239005E+00 -1.529204E+00
-2.520125E+00 1.239005E+00 -1.529204E+00
-2.545328E+00 1.282873E+00 -1.529191E+00
-2.545460E+00 1.325906E+00 -1.529166E+00
-2.543488E+00 1.368868E+00 -1.529126E+00
-2.541340E+00 1.411825E+00 -1.529069E+00
-2.539177E+00 1.454781E+00 -1.528993E+00
-2.537012E+00 1.497737E+00 -1.528898E+00
-2.534847E+00 1.540693E+00 -1.528779E+00
-2.532683E+00 1.583649E+00 -1.528635E+00
-2.530518E+00 1.626605E+00 -1.528459E+00
-2.528354E+00 1.669561E+00 -1.528245E+00
-2.526189E+00 1.712517E+00 -1.527986E+00
-2.524025E+00 1.755474E+00 -1.527673E+00
-2.521860E+00 1.798430E+00 -1.527297E+00
-2.519695E+00 1.841386E+00 -1.526844E+00
-2.517530E+00 1.884342E+00 -1.526302E+00
-2.515366E+00 1.927298E+00 -1.525653E+00
-2.513201E+00 1.970254E+00 -1.524881E+00
-2.511037E+00 2.013210E+00 -1.523963E+00
-2.508872E+00 2.056167E+00 -1.522876E+00
-2.506707E+00 2.099123E+00 -1.521593E+00
-2.504543E+00 2.142079E+00 -1.520082E+00
-2.502378E+00 2.185035E+00 -1.518310E+00
-2.500213E+00 2.227991E+00 -1.516236E+00
-2.498049E+00 2.270947E+00 -1.513819E+00
-2.495884E+00 2.313903E+00 -1.511011E+00
-2.493719E+00 2.356860E+00 -1.507757E+00
-2.491555E+00 2.399816E+00 -1.504002E+00
-2.489390E+00 2.442772E+00 -1.499681E+00
-2.487226E+00 2.485728E+00 -1.494725E+00
-2.485061E+00 2.528684E+00 -1.489061E+00
-2.482896E+00 2.571641E+00 -1.482609E+00
-2.480732E+00 2.614597E+00 -1.475284E+00
-2.478568E+00 2.657552E+00 -1.466995E+00
-2.476403E+00 2.700509E+00 -1.457648E+00
-2.474238E+00 2.743465E+00 -1.447143E+00
-2.472074E+00 2.786421E+00 -1.435376E+00
-2.469909E+00 2.829377E+00 -1.422242E+00
-2.467745E+00 2.872333E+00 -1.407630E+00
-2.465580E+00 2.915289E+00 -1.391430E+00
-2.463415E+00 2.958245E+00 -1.373530E+00
-2.461251E+00 3.001201E+00 -1.353821E+00
-2.459086E+00 3.044157E+00 -1.332194E+00
-2.456921E+00 3.087114E+00 -1.308543E+00
-2.454757E+00 3.130070E+00 -1.282769E+00
-2.452592E+00 3.173026E+00 -1.254777E+00
-2.450427E+00 3.215982E+00 -1.224482E+00
-2.448262E+00 3.258939E+00 -1.191806E+00
-2.446098E+00 3.301895E+00 -1.156687E+00
-2.443933E+00 3.344851E+00 -1.119070E+00
-2.441769E+00 3.387807E+00 -1.078919E+00
-2.439604E+00 3.430763E+00 -1.036212E+00
-2.437440E+00 3.473719E+00 -9.909438E-01
-2.435275E+00 3.516675E+00 -9.431277E-01
-2.433110E+00 3.559631E+00 -8.927963E-01
-2.430946E+00 3.602587E+00 -8.400020E-01
-2.428781E+00 3.645544E+00 -7.848172E-01
-2.426617E+00 3.688500E+00 -7.273350E-01
-2.424452E+00 3.731456E+00 -6.676688E-01
-2.422288E+00 3.774412E+00 -6.059518E-01
-2.420123E+00 3.817368E+00 -5.423366E-01
-2.417958E+00 3.860324E+00 -4.769937E-01
-2.415793E+00 3.903279E+00 -4.101109E-01
-2.413628E+00 3.946220E+00 -3.418909E-01
-2.411457E+00 3.988998E+00 -2.725501E-01
-2.409215E+00 4.029830E+00 -2.023161E-01
-2.406129E+00 4.047469E+00 -1.314253E-01
-2.396781E+00 4.033978E+00 -6.011464E-02
-2.391857E+00 4.009050E+00 -6.545025E-02
-2.395638E+00 3.927484E+00 -1.363300E-01
-2.392763E+00 3.881948E+00 -2.068357E-01
-2.389331E+00 3.839437E+00 -2.767032E-01
-2.385851E+00 3.797180E+00 -3.456930E-01
-2.382367E+00 3.754944E+00 -4.135778E-01
-2.378884E+00 3.712709E+00 -4.801420E-01
-2.375400E+00 3.670475E+00 -5.451833E-01
-2.371916E+00 3.628241E+00 -6.085145E-01
-2.368432E+00 3.586007E+00 -6.699651E-01
-2.364948E+00 3.543773E+00 -7.293827E-01
-2.361464E+00 3.501539E+00 -7.866340E-01
-2.357980E+00 3.459304E+00 -8.416054E-01
-2.354496E+00 3.417070E+00 -8.942036E-01
-2.351012E+00 3.374836E+00 -9.443555E-01
-2.347528E+00 3.332602E+00 -9.920084E-01
-2.344045E+00 3.290368E+00 -1.037129E+00
-2.340561E+00 3.248133E+00 -1.079704E+00
-2.337077E+00 3.205899E+00 -1.119736E+00
-2.333593E+00 3.163665E+00 -1.157247E+00
-2.330109E+00 3.121431E+00 -1.192274E+00
-2.326625E+00 3.079197E+00 -1.224868E+00
-2.323141E+00 3.036963E+00 -1.255093E+00
-2.319657E+00 2.994729E+00 -1.283024E+00
-2.316174E+00 2.952494E+00 -1.308747E+00
-2.312690E+00 2.910260E+00 -1.332355E+00
-2.309206E+00 2.868026E+00 -1.353946E+00
-2.305722E+00 2.825792E+00 -1.373625E+00
-2.302238E+00 2.783558E+00 -1.391500E+00
-2.298754E+00 2.741324E+00 -1.407682E+00
-2.295270E+00 2.699090E+00 -1.422279E+00
-2.291786E+00 2.656856E+00 -1.435404E+00
-2.288302E+00 2.614622E+00 -1.447163E+00
-2.284818E+00 2.572388E+00 -1.457664E+00
-2.281334E+00 2.530154E+00 -1.467009E+00
-2.277850E+00 2.487919E+00 -1.475297E+00
-2.274366E+00 2.445685E+00 -1.482624E+00
-2.270882E+00 2.403451E+00 -1.489079E+00
-2.267398E+00 2.361217E+00 -1.494747E+00
-2.263915E+00 2.318982E+00 -1.499707E+00
-2.260431E+00 2.276748E+00 -1.504033E+00
-2.256947E+00 2.234514E+00 -1.507794E+00
-2.253463E+00 2.192280E+00 -1.511053E+00
-2.249978E+00 2.150046E+00 -1.513868E+00
-2.246486E+00 2.107813E+00 -1.516291E+00
-2.242907E+00 2.065597E+00 -1.518370E+00
-2.238287E+00 2.023574E+00 -1.520149E+00
-2.221264E+00 1.983859E+00 -1.521666E+00
-2.190703E+00 1.946664E+00 -1.522955E+00
-2.159005E+00 1.909679E+00 -1.524048E+00
-2.127212E+00 1.872713E+00 -1.524971E+00
-2.095412E+00 1.835747E+00 -1.525749E+00
-2.063610E+00 1.798783E+00 -1.526403E+00
-2.031809E+00 1.761818E+00 -1.526951E+00
-2.000007E+00 1.724853E+00 -1.527409E+00
-1.968205E+00 1.687888E+00 -1.527791E+00
-1.936403E+00 1.650923E+00 -1.528109E+00
-1.904594E+00 1.613963E+00 -1.528373E+00
-1.872708E+00 1.577065E+00 -1.528592E+00
-1.839894E+00 1.540901E+00 -1.528773E+00
-1.802249E+00 1.508561E+00 -1.528924E+00
-1.764199E+00 1.476542E+00 -1.529036E+00
-1.726114E+00 1.444549E+00 -1.529118E+00
-1.688027E+00 1.412559E+00 -1.529174E+00
-1.649940E+00 1.380569E+00 -1.529199E+00
-1.611851E+00 1.348581E+00 -1.529203E+00
-1.573744E+00 1.316610E+00 -1.529204E+00
-1.535633E+00 1.284644E+00 -1.529204E+00
-1.497521E+00 1.252678E+00 -1.529204E+00
-1.459410E+00 1.220713E+00 -1.529204E+00
-1.421298E+00 1.188747E+00 -1.529204E+00
-1.383186E+00 1.156782E+00 -1.529204E+00
-1.345075E+00 1.124816E+00 -1.529204E+00
-1.306963E+00 1.092851E+00 -1.529204E+00
-1.268852E+00 1.060886E+00 -1.529204E+00
-1.230740E+00 1.028920E+00 -1.529204E+00
-1.192628E+00 9.969547E-01 -1.529204E+00
-1.154517E+00 9.649891E-01 -1.529204E+00
-1.116405E+00 9.330235E-01 -1.529204E+00
-1.078294E+00 9.010579E-01 -1.529204E+00
-1.040182E+00 8.690923E-01 -1.529204E+00
-1.002070E+00 8.371266E-01 -1.529204E+00
-9.639586E-01 8.051609E-01 -1.529204E+00
-9.258469E-01 7.731953E-01 -1.529204E+00
-8.877352E-01 7.412296E-01 -1.529204E+00
-8.496236E-01 7.092642E-01 -1.529204E+00
-8.115120E-01 6.772988E-01 -1.529204E+00
-7.734004E-01 6.453334E-01 -1.529204E+00
-7.352888E-01 6.133680E-01 -1.529204E+00
-6.971772E-01 5.814026E-01 -1.529204E+00
-6.590656E-01 5.494370E-01 -1.529204E+00
-6.209540E-01 5.174715E-01 -1.529204E+00
-5.828424E-01 4.855059E-01 -1.529204E+00
-5.447308E-01 4.535403E-01 -1.529204E+00
-5.066192E-01 4.215747E-01 -1.529204E+00
-4.685076E-01 3.896091E-01 -1.529204E+00
-4.303959E-01 3.576436E-01 -1.529204E+00
-3.922835E-01 3.256787E-01 -1.529204E+00
-3.541630E-01 2.937224E-01 -1.529204E+00
-3.159446E-01 2.618664E-01 -1.529204E+00
-2.776369E-01 2.301024E-01 -1.529204E+00
-2.393216E-01 1.983461E-01 -1.529204E+00
-2.010058E-01 1.665904E-01 -1.529204E+00
-1.626900E-01 1.348349E-01 -1.529204E+00
-1.243760E-01 1.030808E-01 -1.529204E+00
-8.608269E-02 7.134395E-02 -1.529204E+00
-4.803662E-02 3.981197E-02 -1.529204E+00
-1.293638E-02 1.072138E-02 -1.529204E+00
