-6.734765E-04 -1.597607E-03 0.000000E+00
2.151125E-02 -2.589420E-02 0.000000E+00
4.369651E-02 -5.019049E-02 0.000000E+00
6.588181E-02 -7.448676E-02 0.000000E+00
8.806709E-02 -9.878308E-02 0.000000E+00
1.102523E-01 -1.230795E-01 0.000000E+00
1.324376E-01 -1.473760E-01 0.000000E+00
1.546227E-01 -1.716724E-01 0.000000E+00
1.768076E-01 -1.959688E-01 0.000000E+00
1.989925E-01 -2.202652E-01 0.000000E+00
2.211773E-01 -2.445616E-01 0.000000E+00
2.433625E-01 -2.688583E-01 0.000000E+00
2.655478E-01 -2.931551E-01 0.000000E+00
2.877330E-01 -3.174518E-01 0.000000E+00
3.099181E-01 -3.417482E-01 0.000000E+00
3.321032E-01 -3.660446E-01 0.000000E+00
3.542883E-01 -3.903409E-01 0.000000E+00
3.764734E-01 -4.146372E-01 0.000000E+00
3.986585E-01 -4.389335E-01 0.000000E+00
4.208436E-01 -4.632298E-01 0.000000E+00
4.430287E-01 -4.875262E-01 0.000000E+00
4.652138E-01 -5.118226E-01 0.000000E+00
4.873989E-01 -5.361191E-01 0.000000E+00
5.095840E-01 -5.604155E-01 0.000000E+00
5.317691E-01 -5.847120E-01 0.000000E+00
5.539542E-01 -6.090084E-01 0.000000E+00
5.761393E-01 -6.333049E-01 0.000000E+00
5.983244E-01 -6.576014E-01 0.000000E+00
6.205096E-01 -6.818981E-01 0.000000E+00
6.426948E-01 -7.061947E-01 0.000000E+00
6.648800E-01 -7.304914E-01 0.000000E+00
6.870650E-01 -7.547877E-01 0.000000E+00
7.092503E-01 -7.790842E-01 0.000000E+00
7.314356E-01 -8.033807E-01 0.000000E+00
7.536208E-01 -8.276772E-01 0.000000E+00
7.758059E-01 -8.519736E-01 0.000000E+00
7.979910E-01 -8.762699E-01 0.000000E+00
8.201761E-01 -9.005663E-01 0.000000E+00
8.423612E-01 -9.248627E-01 0.000000E+00
8.645462E-01 -9.491590E-01 0.000000E+00
8.867313E-01 -9.734554E-01 0.000000E+00
9.089164E-01 -9.977518E-01 0.000000E+00
9.311015E-01 -1.022048E+00 0.000000E+00
9.532865E-01 -1.046345E+00 0.000000E+00
9.754716E-01 -1.070641E+00 0.000000E+00
9.976567E-01 -1.094937E+00 0.000000E+00
1.019842E+00 -1.119234E+00 0.000000E+00
1.042027E+00 -1.143530E+00 0.000000E+00
1.064212E+00 -1.167827E+00 0.000000E+00
1.086393E+00 -1.192122E+00 0.000000E+00
1.108532E+00 -1.216403E+00 0.000000E+00
1.130163E+00 -1.240516E+00 0.000000E+00
1.145742E+00 -1.262616E+00 0.000000E+00
1.149932E+00 -1.289689E+00 0.000000E+00
1.154275E+00 -1.313018E+00 0.000000E+00
1.144170E+00 -1.351303E+00 0.000000E+00
1.144650E+00 -1.380335E+00 0.000000E+00
1.146018E+00 -1.408591E+00 0.000000E+00
1.147461E+00 -1.436781E+00 0.000000E+00
1.148910E+00 -1.464967E+00 0.000000E+00
1.150360E+00 -1.493152E+00 0.000000E+00
1.151809E+00 -1.521337E+00 0.000000E+00
1.153259E+00 -1.549521E+00 0.000000E+00
1.154709E+00 -1.577706E+00 0.000000E+00
1.156159E+00 -1.605890E+00 0.000000E+00
1.157608E+00 -1.634075E+00 0.000000E+00
1.159058E+00 -1.662260E+00 0.000000E+00
1.160508E+00 -1.690445E+00 0.000000E+00
1.161958E+00 -1.718630E+00 0.000000E+00
1.163408E+00 -1.746815E+00 0.000000E+00
1.164857E+00 -1.774999E+00 0.000000E+00
1.166307E+00 -1.803184E+00 0.000000E+00
1.167757E+00 -1.831368E+00 0.000000E+00
1.169207E+00 -1.859553E+00 0.000000E+00
1.170656E+00 -1.887737E+00 0.000000E+00
1.172106E+00 -1.915922E+00 0.000000E+00
1.173556E+00 -1.944107E+00 0.000000E+00
1.175005E+00 -1.972292E+00 0.000000E+00
1.176455E+00 -2.000476E+00 0.000000E+00
1.177905E+00 -2.028661E+00 0.000000E+00
1.179354E+00 -2.056846E+00 0.000000E+00
1.180804E+00 -2.085031E+00 0.000000E+00
1.182254E+00 -2.113216E+00 0.000000E+00
1.183703E+00 -2.141401E+00 0.000000E+00
1.185153E+00 -2.169585E+00 0.000000E+00
1.186603E+00 -2.197770E+00 0.000000E+00
1.188053E+00 -2.225955E+00 0.000000E+00
1.189503E+00 -2.254140E+00 0.000000E+00
1.190952E+00 -2.282324E+00 0.000000E+00
1.192402E+00 -2.310509E+00 0.000000E+00
1.193852E+00 -2.338694E+00 0.000000E+00
1.195302E+00 -2.366878E+00 0.000000E+00
1.196751E+00 -2.395063E+00 0.000000E+00
1.198201E+00 -2.423248E+00 0.000000E+00
1.199651E+00 -2.451432E+00 0.000000E+00
1.201101E+00 -2.479615E+00 0.000000E+00
1.202550E+00 -2.507783E+00 0.000000E+00
1.203989E+00 -2.535770E+00 0.000000E+00
1.205317E+00 -2.561589E+00 0.000000E+00
1.205317E+00 -2.561589E+00 0.000000E+00
1.253148E+00 -2.561870E+00 0.000000E+00
1.300715E+00 -2.557015E+00 0.000000E+00
1.348259E+00 -2.551729E+00 0.000000E+00
1.395802E+00 -2.546407E+00 0.000000E+00
1.443344E+00 -2.541082E+00 0.000000E+00
1.490887E+00 -2.535757E+00 0.000000E+00
1.538429E+00 -2.530432E+00 0.000000E+00
1.585972E+00 -2.525106E+00 0.000000E+00
1.633514E+00 -2.519781E+00 0.000000E+00
1.681057E+00 -2.514455E+00 0.000000E+00
1.728599E+00 -2.509130E+00 0.000000E+00
1.776142E+00 -2.503804E+00 0.000000E+00
1.823684E+00 -2.498479E+00 0.000000E+00
1.871227E+00 -2.493154E+00 0.000000E+00
1.918770E+00 -2.487829E+00 0.000000E+00
1.966312E+00 -2.482503E+00 0.000000E+00
2.013855E+00 -2.477178E+00 0.000000E+00
2.061397E+00 -2.471853E+00 0.000000E+00
2.108940E+00 -2.466527E+00 0.000000E+00
2.156482E+00 -2.461202E+00 0.000000E+00
2.204025E+00 -2.455876E+00 0.000000E+00
2.251567E+00 -2.450551E+00 0.000000E+00
2.299109E+00 -2.445226E+00 0.000000E+00
2.346652E+00 -2.439901E+00 0.000000E+00
2.394194E+00 -2.434576E+00 0.000000E+00
2.441737E+00 -2.429250E+00 0.000000E+00
2.489279E+00 -2.423925E+00 0.000000E+00
2.536822E+00 -2.418599E+00 0.000000E+00
2.584364E+00 -2.413274E+00 0.000000E+00
2.631907E+00 -2.407949E+00 0.000000E+00
2.679449E+00 -2.402623E+00 0.000000E+00
2.726992E+00 -2.397298E+00 0.000000E+00
2.774535E+00 -2.391973E+00 0.000000E+00
2.822077E+00 -2.386647E+00 0.000000E+00
2.869620E+00 -2.381322E+00 0.000000E+00
2.917162E+00 -2.375997E+00 0.000000E+00
2.964705E+00 -2.370671E+00 0.000000E+00
3.012248E+00 -2.365346E+00 0.000000E+00
3.059790E+00 -2.360021E+00 0.000000E+00
3.107333E+00 -2.354695E+00 0.000000E+00
3.154875E+00 -2.349370E+00 0.000000E+00
3.202418E+00 -2.344045E+00 0.000000E+00
3.249960E+00 -2.338720E+00 0.000000E+00
3.297502E+00 -2.333394E+00 0.000000E+00
3.345045E+00 -2.328069E+00 0.000000E+00
3.392587E+00 -2.322743E+00 0.000000E+00
3.440129E+00 -2.317418E+00 0.000000E+00
3.487672E+00 -2.312093E+00 0.000000E+00
3.535214E+00 -2.306767E+00 0.000000E+00
3.582757E+00 -2.301442E+00 0.000000E+00
3.630299E+00 -2.296117E+00 0.000000E+00
3.677842E+00 -2.290791E+00 0.000000E+00
3.725384E+00 -2.285466E+00 0.000000E+00
3.772927E+00 -2.280141E+00 0.000000E+00
3.820469E+00 -2.274815E+00 0.000000E+00
3.868012E+00 -2.269490E+00 0.000000E+00
3.915554E+00 -2.264165E+00 0.000000E+00
3.963097E+00 -2.258839E+00 0.000000E+00
4.010639E+00 -2.253514E+00 0.000000E+00
4.058179E+00 -2.248189E+00 0.000000E+00
4.105690E+00 -2.242865E+00 0.000000E+00
4.152856E+00 -2.237564E+00 0.000000E+00
4.195911E+00 -2.232523E+00 0.000000E+00
4.189983E+00 -2.230586E+00 0.000000E+00
4.146834E+00 -2.231009E+00 0.000000E+00
4.100667E+00 -2.231639E+00 0.000000E+00
4.055499E+00 -2.232390E+00 0.000000E+00
4.025338E+00 -2.234394E+00 0.000000E+00
3.997166E+00 -2.237260E+00 0.000000E+00
3.917338E+00 -2.234492E+00 0.000000E+00
3.867978E+00 -2.234844E+00 0.000000E+00
3.821174E+00 -2.235459E+00 0.000000E+00
3.774585E+00 -2.236095E+00 0.000000E+00
3.728015E+00 -2.236733E+00 0.000000E+00
3.681445E+00 -2.237371E+00 0.000000E+00
3.634876E+00 -2.238009E+00 0.000000E+00
3.588307E+00 -2.238647E+00 0.000000E+00
3.541738E+00 -2.239285E+00 0.000000E+00
3.495169E+00 -2.239923E+00 0.000000E+00
3.448600E+00 -2.240562E+00 0.000000E+00
3.402030E+00 -2.241200E+00 0.000000E+00
3.355461E+00 -2.241838E+00 0.000000E+00
3.308892E+00 -2.242476E+00 0.000000E+00
3.262323E+00 -2.243115E+00 0.000000E+00
3.215754E+00 -2.243753E+00 0.000000E+00
3.169185E+00 -2.244391E+00 0.000000E+00
3.122615E+00 -2.245028E+00 0.000000E+00
3.076044E+00 -2.245644E+00 0.000000E+00
3.029472E+00 -2.246256E+00 0.000000E+00
2.982900E+00 -2.246868E+00 0.000000E+00
2.936328E+00 -2.247479E+00 0.000000E+00
2.889755E+00 -2.248091E+00 0.000000E+00
2.843183E+00 -2.248702E+00 0.000000E+00
2.796611E+00 -2.249314E+00 0.000000E+00
2.750038E+00 -2.249926E+00 0.000000E+00
2.703466E+00 -2.250537E+00 0.000000E+00
2.656894E+00 -2.251149E+00 0.000000E+00
2.610321E+00 -2.251761E+00 0.000000E+00
2.563749E+00 -2.252372E+00 0.000000E+00
2.517177E+00 -2.252984E+00 0.000000E+00
2.470604E+00 -2.253595E+00 0.000000E+00
2.424032E+00 -2.254207E+00 0.000000E+00
2.377460E+00 -2.254818E+00 0.000000E+00
2.330887E+00 -2.255426E+00 0.000000E+00
2.284314E+00 -2.256034E+00 0.000000E+00
2.237741E+00 -2.256641E+00 0.000000E+00
2.191168E+00 -2.257249E+00 0.000000E+00
2.144595E+00 -2.257856E+00 0.000000E+00
2.098025E+00 -2.258454E+00 0.000000E+00
2.051474E+00 -2.258938E+00 0.000000E+00
2.005162E+00 -2.258079E+00 0.000000E+00
1.961703E+00 -2.241206E+00 0.000000E+00
1.919792E+00 -2.215634E+00 0.000000E+00
1.878014E+00 -2.189329E+00 0.000000E+00
1.836274E+00 -2.162927E+00 0.000000E+00
1.794870E+00 -2.136090E+00 0.000000E+00
1.757446E+00 -2.104138E+00 0.000000E+00
1.723877E+00 -2.067231E+00 0.000000E+00
1.690632E+00 -2.029908E+00 0.000000E+00
1.657414E+00 -1.992550E+00 0.000000E+00
1.624198E+00 -1.955189E+00 0.000000E+00
1.590983E+00 -1.917829E+00 0.000000E+00
1.557767E+00 -1.880468E+00 0.000000E+00
1.524552E+00 -1.843107E+00 0.000000E+00
1.491336E+00 -1.805746E+00 0.000000E+00
1.458125E+00 -1.768382E+00 0.000000E+00
1.424960E+00 -1.730977E+00 0.000000E+00
1.392350E+00 -1.693091E+00 0.000000E+00
1.360431E+00 -1.654608E+00 0.000000E+00
1.328581E+00 -1.616065E+00 0.000000E+00
1.296746E+00 -1.577509E+00 0.000000E+00
1.264932E+00 -1.538937E+00 0.000000E+00
1.233120E+00 -1.500362E+00 0.000000E+00
1.201310E+00 -1.461786E+00 0.000000E+00
1.169508E+00 -1.423204E+00 0.000000E+00
1.137706E+00 -1.384622E+00 0.000000E+00
1.105904E+00 -1.346038E+00 0.000000E+00
1.074102E+00 -1.307456E+00 0.000000E+00
1.042301E+00 -1.268872E+00 0.000000E+00
1.010508E+00 -1.230282E+00 0.000000E+00
9.787188E-01 -1.191688E+00 0.000000E+00
9.469300E-01 -1.153095E+00 0.000000E+00
9.151411E-01 -1.114501E+00 0.000000E+00
8.833523E-01 -1.075908E+00 0.000000E+00
8.515635E-01 -1.037314E+00 0.000000E+00
8.197746E-01 -9.987205E-01 0.000000E+00
7.879856E-01 -9.601269E-01 0.000000E+00
7.561966E-01 -9.215333E-01 0.000000E+00
7.244076E-01 -8.829397E-01 0.000000E+00
6.926186E-01 -8.443461E-01 0.000000E+00
6.608296E-01 -8.057525E-01 0.000000E+00
6.290407E-01 -7.671589E-01 0.000000E+00
5.972518E-01 -7.285653E-01 0.000000E+00
5.654630E-01 -6.899717E-01 0.000000E+00
5.336742E-01 -6.513781E-01 0.000000E+00
5.018853E-01 -6.127846E-01 0.000000E+00
4.700966E-01 -5.741911E-01 0.000000E+00
4.383080E-01 -5.355975E-01 0.000000E+00
4.065212E-01 -4.970023E-01 0.000000E+00
3.747345E-01 -4.584059E-01 0.000000E+00
3.429481E-01 -4.198101E-01 0.000000E+00
3.111617E-01 -3.812144E-01 0.000000E+00
2.793753E-01 -3.426187E-01 0.000000E+00
2.475889E-01 -3.040231E-01 0.000000E+00
2.158025E-01 -2.654274E-01 0.000000E+00
1.840161E-01 -2.268317E-01 0.000000E+00
1.522298E-01 -1.882362E-01 0.000000E+00
1.204451E-01 -1.496424E-01 0.000000E+00
8.867896E-02 -1.110689E-01 0.000000E+00
5.713128E-02 -7.273259E-02 0.000000E+00
2.819071E-02 -3.723066E-02 0.000000E+00
