0.000000E+00 -2.100000E+00 1.200000E+00 -1.570000E+00 0.000000E+00 0.000000E+00 0.000000E+00 -1.570796E+00 0.000000E+00
1.000000E-01 -2.077581E+00 1.176106E+00 -1.568644E+00 -1.365117E-26 -1.357693E-03 4.024368E-08 -1.570797E+00 2.622721E-09
2.000000E-01 -2.055162E+00 1.152211E+00 -1.567253E+00 -5.460467E-26 -2.742792E-03 9.176848E-08 -1.570797E+00 5.990064E-09
3.000000E-01 -2.032743E+00 1.128316E+00 -1.565782E+00 -2.047675E-25 -4.190556E-03 1.690272E-07 -1.570797E+00 1.105914E-08
4.000000E-01 -2.010324E+00 1.104422E+00 -1.564190E+00 -7.644653E-25 -5.734356E-03 2.924710E-07 -1.570798E+00 1.919094E-08
5.000000E-01 -1.987904E+00 1.080527E+00 -1.562434E+00 -2.853094E-24 -7.407765E-03 4.933872E-07 -1.570798E+00 3.247802E-08
6.000000E-01 -1.965485E+00 1.056633E+00 -1.560467E+00 -1.064791E-23 -9.245566E-03 8.206718E-07 -1.570800E+00 5.420672E-08
7.000000E-01 -1.943066E+00 1.032738E+00 -1.558241E+00 -3.973855E-23 -1.128411E-02 1.350849E-06 -1.570801E+00 8.954572E-08
8.000000E-01 -1.920647E+00 1.008844E+00 -1.555705E+00 -1.483063E-22 -1.356160E-02 2.202969E-06 -1.570804E+00 1.465766E-07
9.000000E-01 -1.898228E+00 9.849489E-01 -1.552802E+00 -5.534865E-22 -1.611833E-02 3.560618E-06 -1.570807E+00 2.378275E-07
1.000000E+00 -1.875809E+00 9.610542E-01 -1.549473E+00 -2.065640E-21 -1.899696E-02 5.704128E-06 -1.570812E+00 3.825331E-07
1.100000E+00 -1.853390E+00 9.371597E-01 -1.545652E+00 -7.709073E-21 -2.224264E-02 9.057124E-06 -1.570820E+00 6.099274E-07
1.200000E+00 -1.830971E+00 9.132652E-01 -1.541269E+00 -2.877065E-20 -2.590324E-02 1.425297E-05 -1.570830E+00 9.639819E-07
1.300000E+00 -1.808552E+00 8.893708E-01 -1.536248E+00 -1.073735E-19 -3.002938E-02 2.222833E-05 -1.570844E+00 1.510139E-06
1.400000E+00 -1.786133E+00 8.654763E-01 -1.530508E+00 -4.007235E-19 -3.467458E-02 3.435309E-05 -1.570863E+00 2.344751E-06
1.500000E+00 -1.763714E+00 8.415819E-01 -1.523961E+00 -1.495520E-18 -3.989518E-02 5.260826E-05 -1.570888E+00 3.608143E-06
1.600000E+00 -1.741295E+00 8.176874E-01 -1.516515E+00 -5.581358E-18 -4.575037E-02 7.982572E-05 -1.570921E+00 5.502412E-06
1.700000E+00 -1.718875E+00 7.937930E-01 -1.508069E+00 -2.082991E-17 -5.230201E-02 1.200065E-04 -1.570963E+00 8.315370E-06
1.800000E+00 -1.696456E+00 7.698986E-01 -1.498518E+00 -7.773829E-17 -5.961449E-02 1.787366E-04 -1.571016E+00 1.245222E-05
1.900000E+00 -1.674037E+00 7.460041E-01 -1.487753E+00 -2.901233E-16 -6.775447E-02 2.637199E-04 -1.571081E+00 1.847682E-05
2.000000E+00 -1.651618E+00 7.221095E-01 -1.475658E+00 -1.082755E-15 -7.679056E-02 3.854499E-04 -1.571157E+00 2.716459E-05
2.100000E+00 -1.629199E+00 6.982150E-01 -1.462113E+00 -4.040896E-15 -8.679291E-02 5.580396E-04 -1.571243E+00 3.956906E-05
2.200000E+00 -1.606780E+00 6.743204E-01 -1.446995E+00 -1.508083E-14 -9.783275E-02 8.002239E-04 -1.571335E+00 5.710415E-05
2.300000E+00 -1.584361E+00 6.504259E-01 -1.430178E+00 -5.628242E-14 -1.099818E-01 1.136544E-03 -1.571424E+00 8.164386E-05
2.400000E+00 -1.561942E+00 6.265314E-01 -1.411533E+00 -2.100488E-13 -1.233118E-01 1.598709E-03 -1.571496E+00 1.156404E-04
2.500000E+00 -1.539523E+00 6.026368E-01 -1.390934E+00 -7.839129E-13 -1.378934E-01 2.227115E-03 -1.571529E+00 1.622607E-04
2.600000E+00 -1.517104E+00 5.787423E-01 -1.368251E+00 -2.925603E-12 -1.537960E-01 3.072480E-03 -1.571491E+00 2.255410E-04
2.700000E+00 -1.494685E+00 5.548478E-01 -1.343361E+00 -1.091850E-11 -1.710866E-01 4.197535E-03 -1.571334E+00 3.105544E-04
2.800000E+00 -1.472266E+00 5.309533E-01 -1.316141E+00 -4.074839E-11 -1.898286E-01 5.678651E-03 -1.570994E+00 4.235892E-04
2.900000E+00 -1.449846E+00 5.070588E-01 -1.286476E+00 -1.520751E-10 -2.100818E-01 7.607308E-03 -1.570384E+00 5.723264E-04
3.000000E+00 -1.427427E+00 4.831644E-01 -1.254258E+00 -5.675519E-10 -2.319003E-01 1.009121E-02 -1.569390E+00 7.660094E-04
3.100000E+00 -1.405008E+00 4.592699E-01 -1.219387E+00 -2.118132E-09 -2.553326E-01 1.325488E-02 -1.567870E+00 1.015590E-03
3.200000E+00 -1.382589E+00 4.353754E-01 -1.181776E+00 -7.904978E-09 -2.804200E-01 1.723953E-02 -1.565641E+00 1.333835E-03
3.300000E+00 -1.360170E+00 4.114808E-01 -1.141349E+00 -2.950178E-08 -3.071959E-01 2.220195E-02 -1.562487E+00 1.735378E-03
3.400000E+00 -1.337751E+00 3.875862E-01 -1.098047E+00 -1.101021E-07 -3.356847E-01 2.831231E-02 -1.558145E+00 2.236692E-03
3.500000E+00 -1.315332E+00 3.636916E-01 -1.051826E+00 -4.109068E-07 -3.659015E-01 3.575062E-02 -1.552311E+00 2.855973E-03
3.600000E+00 -1.292913E+00 3.397971E-01 -1.002659E+00 -1.533525E-06 -3.978504E-01 4.470177E-02 -1.544640E+00 3.612914E-03
3.700000E+00 -1.270494E+00 3.159025E-01 -9.505428E-01 -5.723194E-06 -4.315246E-01 5.534920E-02 -1.534745E+00 4.528351E-03
3.800000E+00 -1.248074E+00 2.920080E-01 -8.954906E-01 -2.135927E-05 -4.669054E-01 6.786718E-02 -1.522210E+00 5.623790E-03
3.900000E+00 -1.225655E+00 2.681134E-01 -8.375400E-01 -7.971415E-05 -5.039619E-01 8.241201E-02 -1.506594E+00 6.920806E-03
4.000000E+00 -1.203236E+00 2.442189E-01 -7.767509E-01 -2.975020E-04 -5.426506E-01 9.911244E-02 -1.487444E+00 8.440330E-03
4.100000E+00 -1.180817E+00 2.203244E-01 -7.132065E-01 -1.110372E-03 -5.829150E-01 1.180598E-01 -1.464315E+00 1.020184E-02
4.200000E+00 -1.158398E+00 1.964299E-01 -6.470135E-01 -4.145164E-03 -6.246862E-01 1.392984E-01 -1.436784E+00 1.222252E-02
4.300000E+00 -1.135979E+00 1.725353E-01 -5.783018E-01 -1.111666E-03 -6.609210E-01 1.636415E-01 -1.395981E+00 1.459531E-02
4.400000E+00 -1.113560E+00 1.486408E-01 -5.072245E-01 -2.980384E-04 -6.985035E-01 1.901977E-01 -1.350207E+00 1.725185E-02
4.500000E+00 -1.091141E+00 1.247463E-01 -4.339566E-01 -8.021839E-05 -7.373482E-01 2.188319E-01 -1.299357E+00 2.019790E-02
4.600000E+00 -1.068721E+00 1.008518E-01 -3.586939E-01 -2.281911E-05 -7.773564E-01 2.493388E-01 -1.243418E+00 2.343364E-02
4.700000E+00 -1.046302E+00 7.695726E-02 -2.816518E-01 -1.105721E-05 -8.184185E-01 2.814426E-01 -1.182483E+00 2.695319E-02
4.800000E+00 -1.023883E+00 5.306302E-02 -2.030631E-01 -2.140983E-05 -8.604147E-01 3.148021E-01 -1.116762E+00 3.074431E-02
4.900000E+00 -1.001460E+00 2.917195E-02 -1.231760E-01 -7.458437E-05 -9.032163E-01 3.490179E-01 -1.046584E+00 3.478840E-02
5.000000E+00 -9.789959E-01 5.319335E-03 -4.225169E-02 -2.769597E-04 -9.466867E-01 3.836435E-01 -9.723937E-01 3.906073E-02
5.100000E+00 -9.560390E-01 -1.807493E-02 3.943863E-02 -1.033648E-03 -9.906828E-01 4.181991E-01 -8.947506E-01 4.353097E-02
5.200000E+00 -9.272097E-01 -3.600576E-02 1.216233E-01 -3.860901E-03 -1.035058E+00 4.521894E-01 -8.143144E-01 4.816410E-02
5.300000E+00 -9.223918E-01 -6.009544E-02 1.497692E-01 -2.763562E-03 -1.040564E+00 4.693276E-01 -8.129334E-01 4.962809E-02
5.400000E+00 -9.309560E-01 -9.725760E-02 6.635344E-02 -7.399034E-04 -1.002523E+00 4.337829E-01 -9.043780E-01 4.485161E-02
5.500000E+00 -9.302170E-01 -1.257742E-01 -1.660118E-02 -1.985284E-04 -9.647229E-01 3.976413E-01 -9.931613E-01 4.023712E-02
5.600000E+00 -9.286966E-01 -1.535650E-01 -9.878764E-02 -5.367913E-05 -9.272226E-01 3.614147E-01 -1.078645E+00 3.582089E-02
5.700000E+00 -9.271104E-01 -1.812948E-01 -1.799257E-01 -1.612671E-05 -8.900695E-01 3.255875E-01 -1.160296E+00 3.163354E-02
5.800000E+00 -9.255188E-01 -2.090196E-01 -2.597499E-01 -1.082303E-05 -8.533048E-01 2.906065E-01 -1.237685E+00 2.769974E-02
5.900000E+00 -9.239268E-01 -2.367438E-01 -3.380083E-01 -2.716510E-05 -8.169634E-01 2.568672E-01 -1.310497E+00 2.403768E-02
6.000000E+00 -9.223349E-01 -2.644679E-01 -4.144645E-01 -9.783739E-05 -7.810733E-01 2.247012E-01 -1.378531E+00 2.065879E-02
6.100000E+00 -9.207429E-01 -2.921920E-01 -4.888999E-01 -3.641849E-04 -7.456549E-01 1.943688E-01 -1.441704E+00 1.756774E-02
6.200000E+00 -9.191509E-01 -3.199164E-01 -5.611155E-01 -1.358911E-03 -7.107206E-01 1.660530E-01 -1.500044E+00 1.476270E-02
6.300000E+00 -9.175590E-01 -3.476409E-01 -6.309333E-01 -5.071589E-03 -6.762751E-01 1.398591E-01 -1.553691E+00 1.223585E-02
6.400000E+00 -9.159670E-01 -3.753654E-01 -6.981979E-01 -1.892904E-02 -6.423152E-01 1.158159E-01 -1.602886E+00 9.974094E-03
6.500000E+00 -9.143750E-01 -4.030896E-01 -7.627768E-01 -5.071936E-03 -5.781052E-01 9.707309E-02 -1.614433E+00 8.261980E-03
6.600000E+00 -9.127831E-01 -4.308137E-01 -8.245614E-01 -1.359138E-03 -5.143515E-01 8.039141E-02 -1.622276E+00 6.782120E-03
6.700000E+00 -9.111911E-01 -4.585378E-01 -8.834668E-01 -3.641887E-04 -4.510266E-01 6.566849E-02 -1.626883E+00 5.516783E-03
6.800000E+00 -9.095988E-01 -4.862619E-01 -9.394316E-01 -9.758456E-05 -3.880976E-01 5.275256E-02 -1.628754E+00 4.446462E-03
6.900000E+00 -9.080065E-01 -5.139859E-01 -9.924178E-01 -2.614773E-05 -3.255246E-01 4.145183E-02 -1.628394E+00 3.550788E-03
7.000000E+00 -9.064143E-01 -5.417100E-01 -1.042409E+00 -7.006264E-06 -2.632618E-01 3.154276E-02 -1.626296E+00 2.809271E-03
7.100000E+00 -9.048224E-01 -5.694343E-01 -1.089412E+00 -1.877323E-06 -2.012578E-01 2.277759E-02 -1.622916E+00 2.201923E-03
7.200000E+00 -9.032306E-01 -5.971586E-01 -1.133450E+00 -5.030272E-07 -1.394565E-01 1.489087E-02 -1.618667E+00 1.709757E-03
7.300000E+00 -9.016388E-01 -6.248829E-01 -1.174568E+00 -1.347857E-07 -7.779836E-02 7.604951E-03 -1.613905E+00 1.315159E-03
7.400000E+00 -9.000468E-01 -6.526072E-01 -1.212826E+00 -3.611573E-08 -1.622227E-02 6.352847E-04 -1.608926E+00 1.002131E-03
7.500000E+00 -8.984547E-01 -6.803314E-01 -1.248299E+00 -9.677179E-09 -3.383035E-03 5.318491E-05 -1.603969E+00 7.564270E-04
7.600000E+00 -8.968626E-01 -7.080556E-01 -1.281076E+00 -2.592992E-09 -7.055178E-04 4.452531E-06 -1.599213E+00 5.655907E-04
7.700000E+00 -8.952705E-01 -7.357798E-01 -1.311257E+00 -6.947902E-10 -1.471806E-04 3.727550E-07 -1.594785E+00 4.189186E-04
7.800000E+00 -8.936784E-01 -7.635039E-01 -1.338950E+00 -1.861685E-10 -3.093347E-05 3.121956E-08 -1.590766E+00 3.073625E-04
7.900000E+00 -8.920863E-01 -7.912280E-01 -1.364272E+00 -4.988369E-11 -7.602128E-06 2.777851E-09 -1.587199E+00 2.233934E-04
8.000000E+00 -8.904943E-01 -8.189521E-01 -1.387345E+00 -1.336630E-11 -7.105814E-06 2.195363E-09 -1.584097E+00 1.608400E-04
8.100000E+00 -8.889022E-01 -8.466763E-01 -1.408294E+00 -3.581488E-12 -6.618091E-06 1.711231E-09 -1.581446E+00 1.147178E-04
8.200000E+00 -8.873101E-01 -8.744004E-01 -1.427247E+00 -9.596568E-13 -6.141875E-06 1.319091E-09 -1.579221E+00 8.105714E-05
8.300000E+00 -8.857181E-01 -9.021245E-01 -1.444333E+00 -2.571393E-13 -5.678463E-06 1.005668E-09 -1.577381E+00 5.673975E-05
8.400000E+00 -8.841262E-01 -9.298487E-01 -1.459678E+00 -6.890026E-14 -5.228847E-06 7.583809E-10 -1.575884E+00 3.934897E-05
8.500000E+00 -8.825343E-01 -9.575730E-01 -1.473408E+00 -1.846177E-14 -4.793780E-06 5.657344E-10 -1.574683E+00 2.703616E-05
8.600000E+00 -8.809425E-01 -9.852972E-01 -1.485644E+00 -4.946816E-15 -4.373771E-06 4.175114E-10 -1.573732E+00 1.840514E-05
8.700000E+00 -8.793505E-01 -1.013022E+00 -1.496505E+00 -1.325495E-15 -3.969080E-06 3.048539E-10 -1.572989E+00 1.241466E-05
8.800000E+00 -8.777585E-01 -1.040746E+00 -1.506102E+00 -3.551654E-16 -3.579720E-06 2.202506E-10 -1.572417E+00 8.297585E-06
8.900000E+00 -8.761665E-01 -1.068470E+00 -1.514542E+00 -9.516629E-17 -3.205459E-06 1.574604E-10 -1.571981E+00 5.495553E-06
9.000000E+00 -8.745744E-01 -1.096194E+00 -1.521924E+00 -2.549973E-17 -2.845832E-06 1.113948E-10 -1.571654E+00 3.606925E-06
9.100000E+00 -8.729824E-01 -1.123919E+00 -1.528340E+00 -6.832632E-18 -2.500149E-06 7.797724E-11 -1.571410E+00 2.346148E-06
9.200000E+00 -8.713904E-01 -1.151643E+00 -1.533876E+00 -1.830798E-18 -2.167509E-06 5.399479E-11 -1.571231E+00 1.512516E-06
9.300000E+00 -8.697983E-01 -1.179367E+00 -1.538608E+00 -4.905609E-19 -1.846816E-06 3.695308E-11 -1.571102E+00 9.665477E-07
9.400000E+00 -8.682062E-01 -1.207091E+00 -1.542606E+00 -1.314453E-19 -1.536801E-06 2.494111E-11 -1.571009E+00 6.123954E-07
9.500000E+00 -8.666141E-01 -1.234815E+00 -1.545929E+00 -3.522044E-20 -1.236040E-06 1.650997E-11 -1.570943E+00 3.849333E-07
9.600000E+00 -8.650221E-01 -1.262538E+00 -1.548631E+00 -9.436419E-21 -9.429749E-07 1.056701E-11 -1.570897E+00 2.404274E-07
9.700000E+00 -8.634310E-01 -1.290246E+00 -1.550756E+00 -2.525239E-21 -6.559397E-07 6.284952E-12 -1.570866E+00 1.498912E-07
9.800000E+00 -8.618502E-01 -1.317775E+00 -1.552338E+00 -6.645365E-22 -3.731852E-07 3.024228E-12 -1.570845E+00 9.443673E-08
9.900000E+00 -8.603921E-01 -1.343172E+00 -1.553408E+00 -1.329073E-22 -9.292941E-08 2.669793E-13 -1.570832E+00 6.208240E-08
1.000000E+01 -8.603921E-01 -1.343172E+00 -1.553408E+00 0.000000E+00 -9.292941E-08 0.000000E+00 -1.570796E+00 0.000000E+00
1.010000E+01 -8.149474E-01 -1.345910E+00 -1.553387E+00 -5.570298E-34 -3.301153E-05 1.587395E-12 -1.570796E+00 9.149945E-14
1.020000E+01 -7.698313E-01 -1.342919E+00 -1.553346E+00 -2.228119E-33 -9.338989E-05 9.648570E-12 -1.570796E+00 5.562080E-13
1.030000E+01 -7.247431E-01 -1.339447E+00 -1.553289E+00 -8.355446E-33 -1.736588E-04 3.305625E-11 -1.570796E+00 1.905888E-12
1.040000E+01 -6.796572E-01 -1.335934E+00 -1.553209E+00 -3.119367E-32 -2.819661E-04 9.239911E-11 -1.570796E+00 5.328565E-12
1.050000E+01 -6.345715E-01 -1.332418E+00 -1.553105E+00 -1.164192E-31 -4.195098E-04 2.209486E-10 -1.570796E+00 1.274538E-11
1.060000E+01 -5.894860E-01 -1.328901E+00 -1.552972E+00 -4.344832E-31 -5.903685E-04 4.817051E-10 -1.570796E+00 2.779627E-11
1.070000E+01 -5.444005E-01 -1.325385E+00 -1.552812E+00 -1.621514E-30 -7.927931E-04 9.457361E-10 -1.570796E+00 5.459155E-11
1.080000E+01 -4.993148E-01 -1.321868E+00 -1.552619E+00 -6.051571E-30 -1.031050E-03 1.776259E-09 -1.570796E+00 1.025726E-10
1.090000E+01 -4.542290E-01 -1.318352E+00 -1.552387E+00 -2.258477E-29 -1.312277E-03 3.256581E-09 -1.570796E+00 1.881374E-10
1.100000E+01 -4.091433E-01 -1.314835E+00 -1.552107E+00 -8.428751E-29 -1.644058E-03 5.876858E-09 -1.570796E+00 3.396742E-10
1.110000E+01 -3.640575E-01 -1.311319E+00 -1.551770E+00 -3.145653E-28 -2.034917E-03 1.048011E-08 -1.570796E+00 6.060392E-10
1.120000E+01 -3.189718E-01 -1.307803E+00 -1.551366E+00 -1.173974E-27 -2.494533E-03 1.850359E-08 -1.570796E+00 1.070582E-09
1.130000E+01 -2.738862E-01 -1.304286E+00 -1.550883E+00 -4.381329E-27 -3.033901E-03 3.237545E-08 -1.570797E+00 1.874216E-09
1.140000E+01 -2.288006E-01 -1.300770E+00 -1.550306E+00 -1.635134E-26 -3.665467E-03 5.616052E-08 -1.570797E+00 3.253009E-09
1.150000E+01 -1.837149E-01 -1.297254E+00 -1.549619E+00 -6.102404E-26 -4.403272E-03 9.660070E-08 -1.570797E+00 5.598800E-09
1.160000E+01 -1.386293E-01 -1.293737E+00 -1.548804E+00 -2.277448E-25 -5.263089E-03 1.647735E-07 -1.570797E+00 9.555930E-09
1.170000E+01 -9.354367E-02 -1.290221E+00 -1.547838E+00 -8.499553E-25 -6.262572E-03 2.787082E-07 -1.570798E+00 1.617397E-08
1.180000E+01 -4.845803E-02 -1.286704E+00 -1.546699E+00 -3.172076E-24 -7.421395E-03 4.674661E-07 -1.570799E+00 2.714623E-08
1.190000E+01 -3.372400E-03 -1.283188E+00 -1.545358E+00 -1.183835E-23 -8.761393E-03 7.774363E-07 -1.570800E+00 4.517812E-08
1.200000E+01 4.171323E-02 -1.279671E+00 -1.543786E+00 -4.418132E-23 -1.030670E-02 1.281935E-06 -1.570801E+00 7.454964E-08
1.210000E+01 8.679882E-02 -1.276155E+00 -1.541948E+00 -1.648869E-22 -1.208387E-02 2.095679E-06 -1.570804E+00 1.219643E-07
1.220000E+01 1.318844E-01 -1.272639E+00 -1.539805E+00 -6.153664E-22 -1.412199E-02 3.396338E-06 -1.570808E+00 1.978157E-07
1.230000E+01 1.769699E-01 -1.269122E+00 -1.537316E+00 -2.296579E-21 -1.645280E-02 5.456246E-06 -1.570813E+00 3.180531E-07
1.240000E+01 2.220555E-01 -1.265606E+00 -1.534434E+00 -8.570949E-21 -1.911072E-02 8.688479E-06 -1.570821E+00 5.068973E-07
1.250000E+01 2.671412E-01 -1.262089E+00 -1.531107E+00 -3.198722E-20 -2.213298E-02 1.371293E-05 -1.570832E+00 8.007418E-07
1.260000E+01 3.122269E-01 -1.258573E+00 -1.527280E+00 -1.193779E-19 -2.555959E-02 2.144984E-05 -1.570848E+00 1.253685E-06
1.270000E+01 3.573126E-01 -1.255056E+00 -1.522892E+00 -4.455245E-19 -2.943332E-02 3.325033E-05 -1.570869E+00 1.945269E-06
1.280000E+01 4.023983E-01 -1.251540E+00 -1.517878E+00 -1.662720E-18 -3.379972E-02 5.107606E-05 -1.570898E+00 2.991154E-06
1.290000E+01 4.474840E-01 -1.248024E+00 -1.512167E+00 -6.205355E-18 -3.870698E-02 7.774288E-05 -1.570937E+00 4.557625E-06
1.300000E+01 4.925699E-01 -1.244507E+00 -1.505685E+00 -2.315870E-17 -4.420579E-02 1.172462E-04 -1.570988E+00 6.881028E-06
1.310000E+01 5.376557E-01 -1.240991E+00 -1.498351E+00 -8.642945E-17 -5.034920E-02 1.751883E-04 -1.571054E+00 1.029338E-05
1.320000E+01 5.827415E-01 -1.237475E+00 -1.490083E+00 -3.225591E-16 -5.719234E-02 2.593314E-04 -1.571138E+00 1.525557E-05
1.330000E+01 6.278271E-01 -1.233958E+00 -1.480792E+00 -1.203807E-15 -6.479213E-02 3.802980E-04 -1.571243E+00 2.239967E-05
1.340000E+01 6.729127E-01 -1.230442E+00 -1.470387E+00 -4.492669E-15 -7.320693E-02 5.524450E-04 -1.571372E+00 3.258187E-05
1.350000E+01 7.179984E-01 -1.226925E+00 -1.458775E+00 -1.676687E-14 -8.249615E-02 7.949291E-04 -1.571524E+00 4.694737E-05
1.360000E+01 7.630840E-01 -1.223409E+00 -1.445860E+00 -6.257480E-14 -9.271970E-02 1.132978E-03 -1.571701E+00 6.700827E-05
1.370000E+01 8.081697E-01 -1.219893E+00 -1.431544E+00 -2.335323E-13 -1.039375E-01 1.599372E-03 -1.571897E+00 9.473493E-05
1.380000E+01 8.532555E-01 -1.216376E+00 -1.415730E+00 -8.715545E-13 -1.162090E-01 2.236121E-03 -1.572105E+00 1.326603E-04
1.390000E+01 8.983412E-01 -1.212860E+00 -1.398321E+00 -3.252686E-12 -1.295923E-01 3.096299E-03 -1.572308E+00 1.839954E-04
1.400000E+01 9.434268E-01 -1.209343E+00 -1.379223E+00 -1.213919E-11 -1.441436E-01 4.245991E-03 -1.572484E+00 2.527531E-04
1.410000E+01 9.885124E-01 -1.205826E+00 -1.358343E+00 -4.530407E-11 -1.599166E-01 5.766233E-03 -1.572596E+00 3.438747E-04
1.420000E+01 1.033598E+00 -1.202310E+00 -1.335594E+00 -1.690771E-10 -1.769612E-01 7.754841E-03 -1.572594E+00 4.633519E-04
1.430000E+01 1.078683E+00 -1.198793E+00 -1.310895E+00 -6.310043E-10 -1.953236E-01 1.032796E-02 -1.572412E+00 6.183352E-04
1.440000E+01 1.123769E+00 -1.195277E+00 -1.284172E+00 -2.354940E-09 -2.150447E-01 1.362111E-02 -1.571959E+00 8.172172E-04
1.450000E+01 1.168854E+00 -1.191761E+00 -1.255358E+00 -8.788756E-09 -2.361596E-01 1.778957E-02 -1.571125E+00 1.069677E-03
1.460000E+01 1.213940E+00 -1.188244E+00 -1.224398E+00 -3.280008E-08 -2.586968E-01 2.300781E-02 -1.569769E+00 1.386671E-03
1.470000E+01 1.259026E+00 -1.184728E+00 -1.191249E+00 -1.224116E-07 -2.826774E-01 2.946772E-02 -1.567725E+00 1.780360E-03
1.480000E+01 1.304111E+00 -1.181211E+00 -1.155879E+00 -4.568462E-07 -3.081147E-01 3.737557E-02 -1.564796E+00 2.263950E-03
1.490000E+01 1.349197E+00 -1.177695E+00 -1.118272E+00 -1.704973E-06 -3.350128E-01 4.694735E-02 -1.560757E+00 2.851449E-03
1.500000E+01 1.394282E+00 -1.174178E+00 -1.078424E+00 -6.363048E-06 -3.633667E-01 5.840264E-02 -1.555359E+00 3.557322E-03
1.510000E+01 1.439368E+00 -1.170662E+00 -1.036351E+00 -2.374723E-05 -3.931614E-01 7.195690E-02 -1.548330E+00 4.396054E-03
1.520000E+01 1.484454E+00 -1.167145E+00 -9.920843E-01 -8.862609E-05 -4.243718E-01 8.781240E-02 -1.539385E+00 5.381625E-03
1.530000E+01 1.529540E+00 -1.163629E+00 -9.456722E-01 -3.307608E-04 -4.569618E-01 1.061481E-01 -1.528235E+00 6.526904E-03
1.540000E+01 1.574625E+00 -1.160113E+00 -8.971817E-01 -1.234478E-03 -4.908850E-01 1.271092E-01 -1.514594E+00 7.843006E-03
1.550000E+01 1.619711E+00 -1.156597E+00 -8.466976E-01 -4.608099E-03 -5.260838E-01 1.507960E-01 -1.498198E+00 9.338621E-03
1.560000E+01 1.664797E+00 -1.153080E+00 -7.943228E-01 1.741980E-03 -5.540402E-01 1.782636E-01 -1.467349E+00 1.111432E-02
1.570000E+01 1.709883E+00 -1.149564E+00 -7.401776E-01 8.104142E-03 -5.831359E-01 2.085020E-01 -1.433441E+00 1.307864E-02
1.580000E+01 1.754968E+00 -1.146048E+00 -6.843991E-01 1.448071E-02 -6.132943E-01 2.414408E-01 -1.396459E+00 1.523095E-02
1.590000E+01 1.800053E+00 -1.142531E+00 -6.271403E-01 2.087249E-02 -6.444283E-01 2.769343E-01 -1.356454E+00 1.756602E-02
1.600000E+01 1.845139E+00 -1.139015E+00 -5.685689E-01 2.728046E-02 -6.764415E-01 3.147606E-01 -1.313541E+00 2.007385E-02
1.610000E+01 1.890223E+00 -1.135498E+00 -5.088659E-01 3.370541E-02 -7.092288E-01 3.546244E-01 -1.267909E+00 2.273967E-02
1.620000E+01 1.935294E+00 -1.131981E+00 -4.482239E-01 4.014797E-02 -7.426776E-01 3.961628E-01 -1.219815E+00 2.554421E-02
1.630000E+01 1.980201E+00 -1.128455E+00 -3.868449E-01 4.660850E-02 -7.766682E-01 4.389550E-01 -1.169586E+00 2.846406E-02
1.640000E+01 2.023157E+00 -1.124827E+00 -3.249385E-01 5.308702E-02 -8.110755E-01 4.825350E-01 -1.117605E+00 3.147239E-02
1.650000E+01 2.042860E+00 -1.119981E+00 -2.627151E-01 5.958223E-02 -8.457712E-01 5.264082E-01 -1.064303E+00 3.453980E-02
1.660000E+01 2.010877E+00 -1.118460E+00 -2.442235E-01 7.046235E-02 -9.185826E-01 5.235510E-01 -9.487737E-01 3.470459E-02
1.670000E+01 1.977864E+00 -1.114008E+00 -2.406786E-01 8.065317E-02 -9.715708E-01 5.149464E-01 -8.728104E-01 3.431576E-02
1.680000E+01 1.907541E+00 -1.114334E+00 -3.037708E-01 7.216650E-02 -9.385188E-01 4.715828E-01 -9.545499E-01 3.124099E-02
1.690000E+01 1.855901E+00 -1.112010E+00 -3.665806E-01 6.368405E-02 -9.056296E-01 4.285159E-01 -1.034727E+00 2.822364E-02
1.700000E+01 1.805829E+00 -1.109463E+00 -4.288704E-01 5.520887E-02 -8.729622E-01 3.862322E-01 -1.112746E+00 2.529302E-02
1.710000E+01 1.755889E+00 -1.106897E+00 -4.904241E-01 4.674061E-02 -8.405665E-01 3.451771E-01 -1.188082E+00 2.247506E-02
1.720000E+01 1.705959E+00 -1.104330E+00 -5.510361E-01 3.827912E-02 -8.084870E-01 3.057467E-01 -1.260285E+00 1.979193E-02
1.730000E+01 1.656031E+00 -1.101762E+00 -6.105106E-01 2.982410E-02 -7.767620E-01 2.682758E-01 -1.328995E+00 1.726146E-02
1.740000E+01 1.606102E+00 -1.099195E+00 -6.686637E-01 2.137508E-02 -7.454231E-01 2.330284E-01 -1.393950E+00 1.489666E-02
1.750000E+01 1.556174E+00 -1.096627E+00 -7.253246E-01 1.293141E-02 -7.144945E-01 2.001920E-01 -1.454987E+00 1.270554E-02
1.760000E+01 1.506246E+00 -1.094057E+00 -7.803374E-01 4.492284E-03 -6.839928E-01 1.698746E-01 -1.512051E+00 1.069111E-02
1.770000E+01 1.456318E+00 -1.091487E+00 -8.335622E-01 -3.943297E-03 -6.539267E-01 1.421061E-01 -1.565191E+00 8.851633E-03
1.780000E+01 1.406389E+00 -1.088917E+00 -8.848761E-01 -2.026575E-02 -6.242974E-01 1.168420E-01 -1.614554E+00 7.180960E-03
1.790000E+01 1.356461E+00 -1.086347E+00 -9.341740E-01 -5.430190E-03 -5.619752E-01 9.739235E-02 -1.623501E+00 5.985474E-03
1.800000E+01 1.306533E+00 -1.083777E+00 -9.813689E-01 -1.455122E-03 -5.000689E-01 8.023495E-02 -1.629246E+00 4.942280E-03
1.810000E+01 1.256604E+00 -1.081208E+00 -1.026392E+00 -3.899067E-04 -4.385553E-01 6.522069E-02 -1.632179E+00 4.042464E-03
1.820000E+01 1.206676E+00 -1.078638E+00 -1.069193E+00 -1.044756E-04 -3.774058E-01 5.215706E-02 -1.632731E+00 3.275148E-03
1.830000E+01 1.156748E+00 -1.076068E+00 -1.109738E+00 -2.799418E-05 -3.165847E-01 4.081776E-02 -1.631345E+00 2.628218E-03
1.840000E+01 1.106820E+00 -1.073499E+00 -1.148013E+00 -7.501020E-06 -2.560505E-01 3.095077E-02 -1.628457E+00 2.088915E-03
1.850000E+01 1.056891E+00 -1.070929E+00 -1.184019E+00 -2.009892E-06 -1.957562E-01 2.228520E-02 -1.624478E+00 1.644357E-03
1.860000E+01 1.006963E+00 -1.068359E+00 -1.217771E+00 -5.385490E-07 -1.356500E-01 1.453711E-02 -1.619779E+00 1.281969E-03
1.870000E+01 9.570349E-01 -1.065789E+00 -1.249300E+00 -1.443038E-07 -7.567693E-02 7.414032E-03 -1.614684E+00 9.898244E-04
1.880000E+01 9.071067E-01 -1.063219E+00 -1.278651E+00 -3.866608E-08 -1.578011E-02 6.191536E-04 -1.609463E+00 7.568924E-04
1.890000E+01 8.571784E-01 -1.060649E+00 -1.305880E+00 -1.036054E-08 -3.290846E-03 5.182644E-05 -1.604331E+00 5.731977E-04
1.900000E+01 8.072500E-01 -1.058079E+00 -1.331051E+00 -2.776100E-09 -6.862866E-04 4.338133E-06 -1.599451E+00 4.299031E-04
1.910000E+01 7.573216E-01 -1.055510E+00 -1.354239E+00 -7.438537E-10 -1.431210E-04 3.631206E-07 -1.594937E+00 3.193277E-04
1.920000E+01 7.073933E-01 -1.052940E+00 -1.375528E+00 -1.993150E-10 -2.984702E-05 3.039455E-08 -1.590860E+00 2.349139E-04
1.930000E+01 6.574653E-01 -1.050370E+00 -1.395005E+00 -5.340629E-11 -6.224412E-06 2.544118E-09 -1.587254E+00 1.711574E-04
1.940000E+01 6.075372E-01 -1.047801E+00 -1.412763E+00 -1.431017E-11 -1.298062E-06 2.129488E-10 -1.584125E+00 1.235116E-04
1.950000E+01 5.576091E-01 -1.045231E+00 -1.428898E+00 -3.834399E-12 -2.707027E-07 1.782420E-11 -1.581459E+00 8.827904E-05
1.960000E+01 5.076808E-01 -1.042661E+00 -1.443508E+00 -1.027424E-12 -5.645330E-08 1.491905E-12 -1.579224E+00 6.249703E-05
1.970000E+01 4.577525E-01 -1.040092E+00 -1.456692E+00 -2.752975E-13 -1.177297E-08 1.248732E-13 -1.577380E+00 4.382572E-05
1.980000E+01 4.078242E-01 -1.037522E+00 -1.468549E+00 -7.376573E-14 -2.455174E-09 1.045186E-14 -1.575880E+00 3.044278E-05
1.990000E+01 3.578958E-01 -1.034952E+00 -1.479175E+00 -1.976547E-14 -5.120100E-10 8.748122E-16 -1.574677E+00 2.094806E-05
2.000000E+01 3.079676E-01 -1.032382E+00 -1.488667E+00 -5.296141E-15 -1.067762E-10 7.322046E-17 -1.573726E+00 1.428000E-05
2.010000E+01 2.580394E-01 -1.029812E+00 -1.497115E+00 -1.419097E-15 -2.226743E-11 6.128394E-18 -1.572984E+00 9.644035E-06
2.020000E+01 2.081113E-01 -1.027240E+00 -1.504611E+00 -3.802459E-16 -4.643717E-12 5.129292E-19 -1.572413E+00 6.452952E-06
2.030000E+01 1.581838E-01 -1.024652E+00 -1.511238E+00 -1.018866E-16 -9.684139E-13 4.293037E-20 -1.571978E+00 4.278100E-06
2.040000E+01 1.082565E-01 -1.022057E+00 -1.517078E+00 -2.730042E-17 -2.019557E-13 3.593093E-21 -1.571651E+00 2.810353E-06
2.050000E+01 5.832964E-02 -1.019461E+00 -1.522207E+00 -7.315126E-18 -4.211638E-14 3.007244E-22 -1.571408E+00 1.829423E-06
2.060000E+01 8.407404E-03 -1.016856E+00 -1.526697E+00 -1.960082E-18 -8.783057E-15 2.516897E-23 -1.571229E+00 1.180149E-06
2.070000E+01 -4.145970E-02 -1.014136E+00 -1.530614E+00 -5.252025E-19 -1.831640E-15 2.106486E-24 -1.571100E+00 7.544952E-07
2.080000E+01 -9.066983E-02 -1.010047E+00 -1.534020E+00 -1.407276E-19 -3.819745E-16 1.762984E-25 -1.571007E+00 4.780799E-07
2.090000E+01 -1.320515E-01 -9.896469E-01 -1.536972E+00 -3.770784E-20 -7.965783E-17 1.475483E-26 -1.570941E+00 3.002597E-07
2.100000E+01 -1.701549E-01 -9.624279E-01 -1.539522E+00 -1.010379E-20 -1.661206E-17 1.234858E-27 -1.570895E+00 1.869281E-07
2.110000E+01 -2.078561E-01 -9.345213E-01 -1.541718E+00 -2.707301E-21 -3.464542E-18 1.033465E-28 -1.570863E+00 1.153617E-07
2.120000E+01 -2.448848E-01 -9.059769E-01 -1.543602E+00 -7.254191E-22 -7.235550E-19 8.649103E-30 -1.570841E+00 7.058079E-08
2.130000E+01 -2.818570E-01 -8.773790E-01 -1.545215E+00 -1.943755E-22 -1.557462E-19 7.238403E-31 -1.570826E+00 4.281301E-08
2.140000E+01 -3.188233E-01 -8.487756E-01 -1.546591E+00 -5.208275E-23 -5.487635E-20 6.057742E-32 -1.570816E+00 2.574863E-08
2.150000E+01 -3.557752E-01 -8.201613E-01 -1.547761E+00 -1.395553E-23 -1.148005E-19 5.069618E-33 -1.570809E+00 1.535469E-08
2.160000E+01 -3.925602E-01 -7.914201E-01 -1.548752E+00 -3.739373E-24 -5.009593E-19 4.242638E-34 -1.570804E+00 9.079188E-09
2.170000E+01 -4.273568E-01 -7.611683E-01 -1.549591E+00 -1.001962E-24 -2.305762E-18 3.550528E-35 -1.570801E+00 5.323093E-09
2.180000E+01 -4.592426E-01 -7.287051E-01 -1.550297E+00 -2.684749E-25 -1.063509E-17 2.971299E-36 -1.570800E+00 3.094212E-09
2.190000E+01 -4.908841E-01 -6.960564E-01 -1.550891E+00 -7.193764E-26 -4.902497E-17 2.486543E-37 -1.570798E+00 1.782776E-09
2.200000E+01 -5.225051E-01 -6.633921E-01 -1.551390E+00 -1.927563E-26 -2.257610E-16 2.080856E-38 -1.570798E+00 1.017577E-09
2.210000E+01 -5.541243E-01 -6.307264E-01 -1.551807E+00 -5.164890E-27 -1.038174E-15 1.741342E-39 -1.570797E+00 5.747378E-10
2.220000E+01 -5.857424E-01 -5.980600E-01 -1.552155E+00 -1.383928E-27 -4.765430E-15 1.457211E-40 -1.570797E+00 3.204668E-10
2.230000E+01 -6.173489E-01 -5.653868E-01 -1.552445E+00 -3.708224E-28 -2.182471E-14 1.219431E-41 -1.570797E+00 1.755023E-10
2.240000E+01 -6.488193E-01 -5.326307E-01 -1.552688E+00 -9.936157E-29 -9.967665E-14 1.020441E-42 -1.570796E+00 9.327027E-11
2.250000E+01 -6.786730E-01 -4.988823E-01 -1.552889E+00 -2.662385E-29 -4.537255E-13 8.539016E-44 -1.570796E+00 4.676912E-11
2.260000E+01 -7.081017E-01 -4.648731E-01 -1.553054E+00 -7.133840E-30 -2.057134E-12 7.144435E-45 -1.570796E+00 2.123884E-11
2.270000E+01 -7.374946E-01 -4.308418E-01 -1.553186E+00 -1.911507E-30 -9.282080E-12 5.973300E-46 -1.570796E+00 8.237125E-12
2.280000E+01 -7.668817E-01 -3.968071E-01 -1.553289E+00 -5.121866E-31 -4.163522E-11 4.973796E-47 -1.570796E+00 2.465972E-12
2.290000E+01 -7.962360E-01 -3.627538E-01 -1.553355E+00 -1.372400E-31 -1.592403E-10 4.046742E-48 -1.570796E+00 5.595768E-13
2.300000E+01 -8.252023E-01 -3.284798E-01 -1.553391E+00 -3.677335E-32 -5.008063E-10 2.682027E-49 -1.570796E+00 8.613541E-14
2.310000E+01 -8.541057E-01 -2.941703E-01 -1.553405E+00 -9.853388E-33 -9.906066E-10 1.221632E-50 -1.570796E+00 7.228502E-15
2.320000E+01 -8.830037E-01 -2.598576E-01 -1.553407E+00 -2.640207E-33 -1.060462E-09 5.564395E-52 -1.570796E+00 6.066175E-16
2.330000E+01 -9.119013E-01 -2.255446E-01 -1.553408E+00 -7.074415E-34 -1.089055E-09 2.534518E-53 -1.570796E+00 5.090747E-17
2.340000E+01 -9.407989E-01 -1.912316E-01 -1.553408E+00 -1.895584E-34 -1.114524E-09 1.154444E-54 -1.570796E+00 4.272166E-18
2.350000E+01 -9.696959E-01 -1.569183E-01 -1.553408E+00 -5.079201E-35 -1.090514E-09 5.258358E-56 -1.570796E+00 3.585211E-19
2.360000E+01 -9.985874E-01 -1.226010E-01 -1.553408E+00 -1.360968E-35 -6.581777E-10 2.395122E-57 -1.570796E+00 3.008717E-20
2.370000E+01 -1.027411E+00 -8.824625E-02 -1.553408E+00 -3.646702E-36 -5.949395E-10 1.090950E-58 -1.570796E+00 2.524922E-21
2.380000E+01 -1.056191E+00 -5.386730E-02 -1.553408E+00 -9.771310E-37 -5.960807E-10 4.969154E-60 -1.570796E+00 2.118920E-22
2.390000E+01 -1.084968E+00 -1.948632E-02 -1.553408E+00 -2.618215E-37 -6.079557E-10 2.263392E-61 -1.570796E+00 1.778202E-23
2.400000E+01 -1.113745E+00 1.489481E-02 -1.553408E+00 -7.015485E-38 -6.211452E-10 1.030949E-62 -1.570796E+00 1.492271E-24
2.410000E+01 -1.142521E+00 4.927572E-02 -1.553408E+00 -1.879793E-38 -6.340214E-10 4.695855E-64 -1.570796E+00 1.252317E-25
2.420000E+01 -1.171298E+00 8.365669E-02 -1.553408E+00 -5.036891E-39 -6.463285E-10 2.138908E-65 -1.570796E+00 1.050947E-26
2.430000E+01 -1.200073E+00 1.180385E-01 -1.553408E+00 -1.349631E-39 -6.580517E-10 9.742480E-67 -1.570796E+00 8.819571E-28
2.440000E+01 -1.228830E+00 1.524300E-01 -1.553408E+00 -3.616325E-40 -6.692175E-10 4.437587E-68 -1.570796E+00 7.401403E-29
2.450000E+01 -1.257566E+00 1.868337E-01 -1.553408E+00 -9.689914E-41 -6.798598E-10 2.021270E-69 -1.570796E+00 6.211274E-30
2.460000E+01 -1.286300E+00 2.212384E-01 -1.553408E+00 -2.596405E-41 -6.900218E-10 9.206652E-71 -1.570796E+00 5.212514E-31
2.470000E+01 -1.315034E+00 2.556432E-01 -1.553408E+00 -6.957046E-42 -6.997993E-10 4.193524E-72 -1.570796E+00 4.374353E-32
2.480000E+01 -1.343768E+00 2.900479E-01 -1.553408E+00 -1.864135E-42 -7.095579E-10 1.910102E-73 -1.570796E+00 3.670967E-33
2.490000E+01 -1.372501E+00 3.244525E-01 -1.553408E+00 -4.994934E-43 -7.210245E-10 8.700295E-75 -1.570796E+00 3.080683E-34
2.500000E+01 -1.401235E+00 3.588571E-01 -1.553408E+00 -1.338389E-43 -7.426800E-10 3.962884E-76 -1.570796E+00 2.585316E-35
2.510000E+01 -1.429969E+00 3.932618E-01 -1.553408E+00 -3.586201E-44 -8.160354E-10 1.805048E-77 -1.570796E+00 2.169603E-36
2.520000E+01 -1.458700E+00 4.276679E-01 -1.553408E+00 -9.609197E-45 -1.141685E-09 8.221787E-79 -1.570796E+00 1.820736E-37
2.530000E+01 -1.487401E+00 4.620906E-01 -1.553408E+00 -2.574777E-45 -2.673839E-09 3.744943E-80 -1.570796E+00 1.527965E-38
2.540000E+01 -1.516063E+00 4.965353E-01 -1.553408E+00 -6.899093E-46 -9.875508E-09 1.708765E-81 -1.570796E+00 1.282272E-39
2.550000E+01 -1.544722E+00 5.309819E-01 -1.553408E+00 -1.848606E-46 -4.326995E-08 1.433999E-82 -1.570796E+00 1.076085E-40
2.560000E+01 -1.573380E+00 5.654286E-01 -1.553408E+00 -4.953326E-47 -6.602444E-08 1.203415E-83 -1.570796E+00 9.030530E-42
2.570000E+01 -1.602038E+00 5.998753E-01 -1.553408E+00 -1.327240E-47 -7.933649E-08 1.009909E-84 -1.570796E+00 7.578441E-43
2.580000E+01 -1.630696E+00 6.343219E-01 -1.553408E+00 -3.556328E-48 -8.641253E-08 8.475177E-86 -1.570796E+00 6.359844E-44
2.590000E+01 -1.659355E+00 6.687685E-01 -1.553408E+00 -9.529152E-49 -8.992686E-08 7.112387E-87 -1.570796E+00 5.337195E-45
2.600000E+01 -1.688013E+00 7.032151E-01 -1.553408E+00 -2.553329E-49 -9.157198E-08 5.968730E-88 -1.570796E+00 4.478985E-46
2.610000E+01 -1.716671E+00 7.376625E-01 -1.553408E+00 -6.841624E-50 -9.224047E-08 5.008971E-89 -1.570796E+00 3.758774E-47
2.620000E+01 -1.745330E+00 7.721093E-01 -1.553408E+00 -1.833208E-50 -9.261001E-08 4.203540E-90 -1.570796E+00 3.154371E-48
2.630000E+01 -1.773988E+00 8.065560E-01 -1.553408E+00 -4.912065E-51 -9.277941E-08 3.527620E-91 -1.570796E+00 2.647155E-49
2.640000E+01 -1.802647E+00 8.410028E-01 -1.553408E+00 -1.316184E-51 -9.283793E-08 2.960386E-92 -1.570796E+00 2.221499E-50
2.650000E+01 -1.831305E+00 8.754495E-01 -1.553408E+00 -3.526704E-52 -9.282197E-08 2.484362E-93 -1.570796E+00 1.864286E-51
2.660000E+01 -1.859963E+00 9.098964E-01 -1.553408E+00 -9.449774E-53 -9.271716E-08 2.084882E-94 -1.570796E+00 1.564513E-52
2.670000E+01 -1.888618E+00 9.443447E-01 -1.553408E+00 -2.532059E-53 -9.244399E-08 1.749638E-95 -1.570796E+00 1.312943E-53
2.680000E+01 -1.917241E+00 9.788112E-01 -1.553408E+00 -6.784633E-54 -9.180660E-08 1.468300E-96 -1.570796E+00 1.101824E-54
2.690000E+01 -1.945813E+00 1.013306E+00 -1.553408E+00 -1.817936E-54 -9.038003E-08 1.232200E-97 -1.570796E+00 9.246535E-56
2.700000E+01 -1.974381E+00 1.047802E+00 -1.553408E+00 -4.871112E-55 -8.729843E-08 1.034065E-98 -1.570796E+00 7.759712E-57
2.710000E+01 -2.002947E+00 1.082297E+00 -1.553408E+00 -1.305091E-55 -8.089481E-08 8.677897E-100 -1.570796E+00 6.511968E-58
2.720000E+01 -2.031497E+00 1.116774E+00 -1.553408E+00 -3.492496E-56 -6.810119E-08 7.282354E-101 -1.570796E+00 5.464880E-59
2.730000E+01 -2.059856E+00 1.151032E+00 -1.553408E+00 -9.190778E-57 -4.307150E-08 6.092808E-102 -1.570796E+00 4.588830E-60
2.740000E+01 -2.085936E+00 1.182683E+00 -1.553408E+00 -1.838155E-57 -1.118889E-08 2.901336E-103 -1.570796E+00 4.171660E-61
